54.3704158
54.3717127
54.3720708
54.3697523
54.3702889
54.3900379
54.3903963
54.3907252
54.3906043
54.3910463
54.3922265
54.3937021
54.3955076
54.3986109
54.4002292
54.4023329
54.4028715
54.4043623
54.4053436
54.4065701
54.4094300
54.4104871
54.4116110
54.4128040
54.4150995
54.4183552
54.4193680
54.4205790
54.4225275
54.4228481
54.4244067
54.4259904
54.3227085
54.2671895
54.3311756
54.3632936
54.3498348
54.3260456
54.3203130
54.3436943
54.3420224
54.3275181
54.2883010
54.3996887
54.3905578
54.3908508
54.3905061
54.3903967
54.2645317
54.3338363
54.3333362
54.3328655
54.3327562
54.3322645
54.3316551
54.3313062
54.3310246
54.2939478
54.2939931
54.2951638
54.3342438
54.3342621
54.3342781
54.3400755
54.3245423
54.3269748
54.3275198
54.3290757
54.3908887
54.3908109
54.3906609
54.3904744
54.3903831
54.3917035
54.3952803
54.3934953
54.3631141
54.3251904
54.4172012
54.4177556
54.4326997
54.3266158
54.3484206
54.3159000
54.2657301
54.2581161
54.3210765
54.2604134
54.3390174
54.3450530
54.3595522
54.2695095
54.3449720
54.2782413
54.3053871
54.3400173
54.3086221
54.3699552
54.3473947
54.3326507
54.3588623
54.3273597
54.3261239
54.3327315
54.3318156
54.3307167
54.3429239
54.3297549
54.3073179
54.3300304
54.2508946
54.2799661
54.2783982
54.2763144
54.3452741
54.3368934
54.3279780
54.2607573
54.3285656
54.3471547
54.3460978
54.3274796
54.3004087
54.3126923
54.2778296
54.3314796
54.3076379
54.2546248
54.2585806
54.2934708
54.2553155
54.2587708
54.3275470
54.4329395
54.3036283
54.3349209
54.3304044
54.3456869
54.2762655
54.3003217
54.3293899
54.3300568
54.3330631
54.2857432
54.3505802
54.3021295
54.3246210
54.2606524
54.3284397
54.2785432
54.3178508
54.3458578
54.3542147
54.3168009
54.2533429
54.3592473
54.3565022
54.3003597
54.3218514
54.3272301
54.3101939
54.2873842
54.2998656
54.3375606
54.2983072
54.2553848
54.2636578
54.3006840
54.3406352
54.3324561
54.3292175
54.3452590
54.3237701
54.3593613
54.3583949
54.3255251
54.3197186
54.4277131
54.3457642
54.2600642
54.3033084
54.2832700
54.3462425
54.2755794
54.3288779
54.3409742
54.3261931
54.3697302
54.3150420
54.2801102
54.2573945
54.3419780
54.3214244
54.2722369
54.3449376
54.3296604
54.2806910
54.2892100
54.2576384
54.3170139
54.3295995
54.2617816
54.2569752
54.3330665
54.2986387
54.3152670
54.3431949
54.2563303
54.4244634
54.3081828
54.3711951
54.3338872
54.2874047
54.3288975
54.3453959
54.4228116
54.3703322
54.2963545
54.3281269
54.3099876
54.3416731
54.4317647
54.3085651
54.3593693
54.2962772
54.2534689
54.2959802
54.3504585
54.2507055
54.3461205
54.2520257
54.3449950
54.3305227
54.3002340
54.3056241
54.4108449
54.3477458
54.3122153
54.3345693
54.2847033
54.4207778
54.3452284
54.3293965
54.2773188
54.3281460
54.2787872
54.4191460
54.2844106
54.2858911
54.3467277
54.3434848
54.3200548
54.4117378
54.2561584
54.3458309
54.3294739
54.3369196
54.2870652
54.2757275
54.3341270
54.3457020
54.3716878
54.2557130
54.3722171
54.3274098
54.3377210
54.3701681
54.2809683
54.3170258
54.3212836
54.2867661
54.3577434
54.3090080
54.2741215
54.3458418
54.3449726
54.4086161
54.2755335
54.2567115
54.2803478
54.3456130
54.3040443
54.3158430
54.4221587
54.3274671
54.3263420
54.3318612
54.4311807
54.3151570
54.2962972
54.3256470
54.2574634
54.2758575
54.4202439
54.2967095
54.3057301
54.2770776
54.2668550
54.3409062
54.2779673
54.3189327
54.4207968
54.3715530
54.3461898
54.3094620
54.3463497
54.2761258
54.3446791
54.2541329
54.3039186
54.3172826
54.3473909
54.2764454
54.3463225
54.3258339
54.2529160
54.2543703
54.3147791
54.3024385
54.4267712
54.3020838
54.2775743
54.3304767
54.3469749
54.4320466
54.2624725
54.3455900
54.4170283
54.2705471
54.3606707
54.3451820
54.2734057
54.3365987
54.2573294
54.2619300
54.2920550
54.2986244
54.4257943
54.3466354
54.3482686
54.2670759
54.3212066
54.3232323
54.3307095
54.3598972
54.2845965
54.3416080
54.3087557
54.2627499
54.3430119
54.3710961
54.3475856
54.2789851
54.2948082
54.2641048
54.2606332
54.4307578
54.3438241
54.3463604
54.2854134
54.3458848
54.2724629
54.3259519
54.2774213
54.2586221
54.3439201
54.3155110
54.3460233
54.2529770
54.2968651
54.2822782
54.3080001
54.2528510
54.2572114
54.3274018
54.2591392
54.4235325
54.2894845
54.3155230
54.3455450
54.2581423
54.2670879
54.2886024
54.3252608
54.2932835
54.3395403
54.2938857
54.2660496
54.2885990
54.3451176
54.2576384
54.4250464
54.3182792
54.3158660
54.3467537
54.2952706
54.3348289
54.3073179
54.2619450
54.3287746
54.3576024
54.3461525
54.3174108
54.3250021
54.2921697
54.3484367
54.3290197
54.4329308
54.2769729
54.2765744
54.3288969
54.3493246
54.2609610
54.3250411
54.3458515
54.3275091
54.3453600
54.3416501
54.3034153
54.3458690
54.3694443
54.3660946
54.4127263
54.3276999
54.2762609
54.2740337
54.2593403
54.3258342
54.4319396
54.3460095
54.3056244
54.3414360
54.2736377
54.3363078
54.3065620
54.2565895
54.3078858
54.2573374
54.2771204
54.2704773
54.4268552
54.3286988
54.2700671
54.3266130
54.2984602
54.2865793
54.2767654
54.3367057
54.2863984
54.3465706
54.2670955
54.3205165
54.4181501
54.3457008
54.2529744
54.3176803
54.3294275
54.3100716
54.3478146
54.3161069
54.4328976
54.2918377
54.2967351
54.3462577
54.2973234
54.2621216
54.2628575
54.3060743
54.3025454
54.3715841
54.3642638
54.3254371
54.2969341
54.2854089
54.3498614
54.2957218
54.2782724
54.3062530
54.3414251
54.2734568
54.2788792
54.2632004
54.3295305
54.3475356
54.3282679
54.3597693
54.3453840
54.3423209
54.2868490
54.2768494
54.4316917
54.3350693
54.2875655
54.3252472
54.3338450
54.3336810
54.4183751
54.3072369
54.3104185
54.3126203
54.3303548
54.3468922
54.2619300
54.3048575
54.4311508
54.3402946
54.2872496
54.3143061
54.3179408
54.4231396
54.2724717
54.3461288
54.2766814
54.4188251
54.3635539
54.3169649
54.2597712
54.3461735
54.3108725
54.2566504
54.3396243
54.3288938
54.2653182
54.3067990
54.3601052
54.2537118
54.3084928
54.2876434
54.2740330
54.3272488
54.2849885
54.2881930
54.3384795
54.2716062
54.3300017
54.3281648
54.2762014
54.3568491
54.2612034
54.2649327
54.3013586
54.2786596
54.3430649
54.3296107
54.2697392
54.2865280
54.3264441
54.3719271
54.2573144
54.4282090
54.2569539
54.3485425
54.3044685
54.2834607
54.4254593
54.3505433
54.3195097
54.3282530
54.2932295
54.2730808
54.3315676
54.3342639
54.3287598
54.2970101
54.3341084
54.2840050
54.3352262
54.2512600
54.3289658
54.2731378
54.3290265
54.2954154
54.3501726
54.4317917
54.3691963
54.3448960
54.3466506
54.3290767
54.4111749
54.3342383
54.3261125
54.3403263
54.3418525
54.3168729
54.2558494
54.4220527
54.3168849
54.2836697
54.3306908
54.3436751
54.3463242
54.4105625
54.2923529
54.2523181
54.3104272
54.2733168
54.3459108
54.2524010
54.3283746
54.2715510
54.3190057
54.2564025
54.2747246
54.3275723
54.3046242
54.2905209
54.2760695
54.3295645
54.3386934
54.3410392
54.3287109
54.3416381
54.3666205
54.3126776
54.4266532
54.3023698
54.2719744
54.3287758
54.2629749
54.3260177
54.4223387
54.3415921
54.2564544
54.3431179
54.3074359
54.3314226
54.2550098
54.2570964
54.2566125
54.3096600
54.3258455
54.3278057
54.3369071
54.2823618
54.2781122
54.3036026
54.3445530
54.3430919
54.2683273
54.3581173
54.3709874
54.3372856
54.3253610
54.2609680
54.3282256
54.3408832
54.3421299
54.3169459
54.3251890
54.4122691
54.3388994
54.3186087
54.3322926
54.3268830
54.3282027
54.2739143
54.3667465
54.3707411
54.2985672
54.4308648
54.2855884
54.3250751
54.3185709
54.4125497
54.2977463
54.2996961
54.2696552
54.3288328
54.4153776
54.3612271
54.2630674
54.3279938
54.2973084
54.3453576
54.3410322
54.3209965
54.3291226
54.2846613
54.2589673
54.2557950
54.3321136
54.3572751
54.2857267
54.4247834
54.3702372
54.3179188
54.3289698
54.3454610
54.2982511
54.2795231
54.3192876
54.3101436
54.3293497
54.3186277
54.3348563
54.3305755
54.3378545
54.2974143
54.3717290
54.2778713
54.3174339
54.2828227
54.3483986
54.3170108
54.3095380
54.2968191
54.2586805
54.3412531
54.2597292
54.2563725
54.2771244
54.2587102
54.4242075
54.3654807
54.3096830
54.2635359
54.3111524
54.2549742
54.2533217
54.3456795
54.3277676
54.2801341
54.3166289
54.2580795
54.3409252
54.3278143
54.3086108
54.3313887
54.2789795
54.2796681
54.4260083
54.3345619
54.3406462
54.2612201
54.3461858
54.2784442
54.3490357
54.3073942
54.3099189
54.3417790
54.3169109
54.3463417
54.2524430
54.2602309
54.3270431
54.2792871
54.2601133
54.3404552
54.3157442
54.3393308
54.3303468
54.3705122
54.3454299
54.4180051
54.2583934
54.2969644
54.2531100
54.3431339
54.3505575
54.2732696
54.3086831
54.2970411
54.3092210
54.2849957
54.2713520
54.3232403
54.2707146
54.3175298
54.2904109
54.3392194
54.3059441
54.4286286
54.2527240
54.3188497
54.3353098
54.3092017
54.3432328
54.3495883
54.2687755
54.2744429
54.3169689
54.3458920
54.2805529
54.3277610
54.2524296
54.3284358
54.3590603
54.3474323
54.3088127
54.4288754
54.2881249
54.2972584
54.3464987
54.3248761
54.2698992
54.2588366
54.2963082
54.3085421
54.3618111
54.2551946
54.3161029
54.2661301
54.2641463
54.2902012
54.2585613
54.3409482
54.2873472
54.3115855
54.3193607
54.4132027
54.2564675
54.3103346
54.3460365
54.3417220
54.3351338
54.2581548
54.2726148
54.2694752
54.2766319
54.3149423
54.2678128
54.3071189
54.2869182
54.3167589
54.2678424
54.2948941
54.4156554
54.2726129
54.3199326
54.3094417
54.3670635
54.3015386
54.2777665
54.2846125
54.3027814
54.3188487
54.3268109
54.2908148
54.3431949
54.2529080
54.3038423
54.2721805
54.3037693
54.3419245
54.3263568
54.3514691
54.2965751
54.3476576
54.3187157
54.3431259
54.3048305
54.3456629
54.2602062
54.3485016
54.3108045
54.2701811
54.4173522
54.2963462
54.2902089
54.2962512
54.3172389
54.4308640
54.2964491
54.3280960
54.2734584
54.2773359
54.2687499
54.3451206
54.3410472
54.2603866
54.2625330
54.2533999
54.3095040
54.3151490
54.3334754
54.2974453
54.3075732
54.2867035
54.3067073
54.3233122
54.3606662
54.3601741
54.3031064
54.3599986
54.3408602
54.3096066
54.3436199
54.2844065
54.3002451
54.3498343
54.2787777
54.4210298
54.2555721
54.2586653
54.2755215
54.3711911
54.2975024
54.2614611
54.3455201
54.3287947
54.3444152
54.2762195
54.3529660
54.3366907
54.4225296
54.2523412
54.3337844
54.2798311
54.2554875
54.3168239
54.3154690
54.3416691
54.3400598
54.3297256
54.3430919
54.2761205
54.2574784
54.2674499
54.3072719
54.2619490
54.3176588
54.3713695
54.3458848
54.3459062
54.3287068
54.2536250
54.3450790
54.3285659
54.3459839
54.2963934
54.3713321
54.2664550
54.3410432
54.2839446
54.3288058
54.2519065
54.2751769
54.2610736
54.3159959
54.3305110
54.2968645
54.3226644
54.3432248
54.3424779
54.3472686
54.3274361
54.2634979
54.3002487
54.3455180
54.3464637
54.2630904
54.3495043
54.3421760
54.2743547
54.3725011
54.3099156
54.2532400
54.3716447
54.2868707
54.3069399
54.3310293
54.3468604
54.3416801
54.2709750
54.3017025
54.3219166
54.2776611
54.3458578
54.3303274
54.2734376
54.2711730
54.4138787
54.3293585
54.2788942
54.3187237
54.3010846
54.3394104
54.3431829
54.3439691
54.4314137
54.3458308
54.2851505
54.2550982
54.3591023
54.3007026
54.2858854
54.2612937
54.3259678
54.2728898
54.2682288
54.3299118
54.3336544
54.2630714
54.2928339
54.3591513
54.2610757
54.3442091
54.3096140
54.2814085
54.3176670
54.3333720
54.4251954
54.4216407
54.3597472
54.3077558
54.3468414
54.3442091
54.3287909
54.2581336
54.3295035
54.2511000
54.3496146
54.3089767
54.2585989
54.3288138
54.2603614
54.3466317
54.2763615
54.3273641
54.3365227
54.3276325
54.3018435
54.3098849
54.3179758
54.2632044
54.2734558
54.3478756
54.4159104
54.3682494
54.2936798
54.2617090
54.3261428
54.2926429
54.2849095
54.3449566
54.3250790
54.3120364
54.2599882
54.3413440
54.2859538
54.3398983
54.3698402
54.3151789
54.3716491
54.2565592
54.2973914
54.2527210
54.3484556
54.4167463
54.3314343
54.3458206
54.2522763
54.3048382
54.3328535
54.3261741
54.2699871
54.3095800
54.3482346
54.2586302
54.2787952
54.2571544
54.4107419
54.3245832
54.3458198
54.3284818
54.3077752
54.3289548
54.3433318
54.3484176
54.3458838
54.3169309
54.3154270
54.3431029
54.2635324
54.3269517
54.3407682
54.3083481
54.2581536
54.2769868
54.3344633
54.3598873
54.3173689
54.3457751
54.2958732
54.2852775
54.2734847
54.4261413
54.4274391
54.3032124
54.2789941
54.4107689
54.3452510
54.3431949
54.3009466
54.3455561
54.3495144
54.3467654
54.3289927
54.2826208
54.3639824
54.3353381
54.2752635
54.3485045
54.3146724
54.4145883
54.2973954
54.2791991
54.2898269
54.3167049
54.3097930
54.2739957
54.4317377
54.3225913
54.3716516
54.2766191
54.3481466
54.2558186
54.4311997
54.3480246
54.3308773
54.2768349
54.3106205
54.3100759
54.3276248
54.2631964
54.2520968
54.3376286
54.3474103
54.3716720
54.3465517
54.3432248
54.3255519
54.2529105
54.2582197
54.3423939
54.3051122
54.3425879
54.2894570
54.3459068
54.2830707
54.3449570
54.2580754
54.3138375
54.2615566
54.2562426
54.3253911
54.2535146
54.3290267
54.2620220
54.4271751
54.2792111
54.2973654
54.3158550
54.2972814
54.3114184
54.2657906
54.2970291
54.3004207
54.2533546
54.3717308
54.4319166
54.3292066
54.3002867
54.3281227
54.4183631
54.3438176
54.4316984
54.3047735
54.3470624
54.2894089
54.3289777
54.3464487
54.3206575
54.4252564
54.2817249
54.3463957
54.2930553
54.3329595
54.2542256
54.3460935
54.2706961
54.3456248
54.3696533
54.3658006
54.3409702
54.3005997
54.3008246
54.3548109
54.2586083
54.3174528
54.2583284
54.4306888
54.2814039
54.2683005
54.3521330
54.4195000
54.3964146
54.4126220
54.4039926
54.2876793
54.3180153
54.3184526
54.3281153
54.3463110
54.3718207
54.3718708
54.3718068
54.3710551
54.2862013
54.4271879
54.4268760
54.4264485
54.3903918
54.3472484
54.3504256
54.3977581
54.3969793
54.3968493
54.3146677
54.2873896
54.2876246
54.2877750
54.2879008
54.2886025
54.2886148
54.2891974
54.2895224
54.2896294
54.2895034
54.2896444
54.2895644
54.2896484
54.2898884
54.2898544
54.2898764
54.2899384
54.2895231
54.2898694
54.2757354
54.2645724
54.3457037
54.4328256
54.2848080
54.2696765
54.2562665
54.2576575
54.4007401
54.3973447
54.3975605
54.3976934
54.3971829
54.3980076
54.3970069
54.2687300
54.2687330
54.3465475
54.2875460
54.4326795
54.3107059
54.4215898
54.4252708
54.4255339
54.4236455
54.4249090
54.4239497
54.4220339
54.2858276
54.2847036
54.2866027
54.2561745
54.2603752
54.2602898
54.4327108
54.3632326
54.3895003
54.3901810
54.3904432
54.3908747
54.3904597
54.3904077
54.3898206
54.3896327
54.3905889
54.2866026
54.3985594
54.3768808
54.3861897
54.3920735
54.3731596
54.4048833
54.3853520
54.3771342
54.3719557
54.3865455
54.4023587
54.3952072
54.3734191
54.4056889
54.3856357
54.3942684
54.3762896
54.3726665
54.3890855
54.4034482
54.3961623
54.3907090
54.3751661
54.3847529
54.3946781
54.3696505
54.3766246
54.4072645
54.3707879
54.3894931
54.3988815
54.3820343
54.3914160
54.3759038
54.3848655
54.3936042
54.3702848
54.3712882
54.3880677
54.4014712
54.3825842
54.3920258
54.3733815
54.3869125
54.3938226
54.3732980
54.3883695
54.4066581
54.3773876
54.3932169
54.3739357
54.3874169
54.3733738
54.3803787
54.2781492
54.2893226
54.3343565
54.3332893
54.3252387
54.2695851
54.3298537
54.3481126
54.3485267
54.4213522
54.4060206
54.3286671
54.3270027
54.3490726
54.3275534
54.2861111
54.3933942
54.3944616
54.3955885
54.3960111
54.3703744
54.2742291
54.2762221
54.3410070
54.2699108
54.2713634
54.2723312
54.2727839
54.3266434
54.2554994
54.2555658
54.3046546
54.3972212
54.3993736
54.4014048
54.4026037
54.4036506
54.2528055
54.2784943
54.2800097
54.4172868
54.3032377
54.3630453
54.3689844
54.3689937
54.3690324
54.3691125
54.2762884
54.2770951
54.4277445
54.4305770
54.2931219
54.3176608
54.2531337
54.3115152
54.2893597
54.3609217
54.3638455
54.3706101
54.3710080
54.3710134
54.3603483
54.3604271
54.3455627
54.2849507
54.3178988
54.3148969
54.3485396
54.3460649
54.3437285
54.3260354
54.3280118
54.2610761
54.2882658
54.2883483
54.3502380
54.3502351
54.3502416
54.4317372
54.2567413
54.2672293
54.2522350
54.2559809
54.2564812
54.2566647
54.2566909
54.2569745
54.2570054
54.2585470
54.2588174
54.2779544
54.3432490
54.3431718
54.4124689
54.4098678
54.4112945
54.4109792
54.4076574
54.4049379
54.4037919
54.4035578
54.4033798
54.4027646
54.4024493
54.4010847
54.3992704
54.3983523
54.3991298
54.3966893
54.3962255
54.3958164
54.3956431
54.3955728
54.3953932
54.3942283
54.3940003
54.3937504
54.3936911
54.3936333
54.3931929
54.3928837
54.3920717
54.3902898
54.3901289
54.3901055
54.3900711
54.3899243
54.3897494
54.3416618
54.3964794
54.3462201
54.3460118