10.1213268
10.1082852
10.1058303
10.1194116
10.1179441
10.1916438
10.1928741
10.1939077
10.1920992
10.1912856
10.1896883
10.1895415
10.1891197
10.1909278
10.1914355
10.1925581
10.1926943
10.1922149
10.1915465
10.1908848
10.1893240
10.1888648
10.1884118
10.1873100
10.1842358
10.1803039
10.1791776
10.1780890
10.1768645
10.1760884
10.1743963
10.1729519
10.1355550
10.2014073
10.2053099
10.1517627
10.0946730
10.2073897
10.2170534
10.1865357
10.1875335
10.2004530
10.2052392
10.1910940
10.1937195
10.1937683
10.1931455
10.1925063
10.0924421
10.0583284
10.0585014
10.0587320
10.0587537
10.0585807
10.0584942
10.0586239
10.0587969
10.0601739
10.0602008
10.0597400
10.0560320
10.0566530
10.0582011
10.1033218
10.2186177
10.2172890
10.2172650
10.2181061
10.1936221
10.1933649
10.1932190
10.1931532
10.1933983
10.1904835
10.1889613
10.1890144
10.1519456
10.0720161
10.1811968
10.1810166
10.1711922
10.1991659
10.0683627
10.1953037
10.0908843
10.1543041
10.2153764
10.1906467
10.2047198
10.0818816
10.0490887
10.0863081
10.0749687
10.2079942
10.1922093
10.2056277
10.0460368
10.0853267
10.0710943
10.2058171
10.0356938
10.1997008
10.2075396
10.1008868
10.1005298
10.0984662
10.1934156
10.2175726
10.1901626
10.2035642
10.1523876
10.2092820
10.1998005
10.0927625
10.1017485
10.1070948
10.0940249
10.1139373
10.2016835
10.0718162
10.0506936
10.2004553
10.1917375
10.1907454
10.2030774
10.0993120
10.1897137
10.1852741
10.1205556
10.0591790
10.1535420
10.1160986
10.0790643
10.1676657
10.1922403
10.2063826
10.0591880
10.0913120
10.2022731
10.1912295
10.0959606
10.0970644
10.2062637
10.2033939
10.0330583
10.1916025
10.2019325
10.1146722
10.2174770
10.2002874
10.2033658
10.0470982
10.0339932
10.1994840
10.1831735
10.0576143
10.0348843
10.1914945
10.2142136
10.0911664
10.0545905
10.0639598
10.1899253
10.2065676
10.0483696
10.1733928
10.1966682
10.0491065
10.2056027
10.2056988
10.2015575
10.0827945
10.2038282
10.0591391
10.0357979
10.0455877
10.2163003
10.1577994
10.0890604
10.1888285
10.1921414
10.0927856
10.1824243
10.0919354
10.2176644
10.2050908
10.0751300
10.0708320
10.1900075
10.0917686
10.1867269
10.1874905
10.2151094
10.1975619
10.1848479
10.2032212
10.2096519
10.0909229
10.1633316
10.2100283
10.2029573
10.1041942
10.1236322
10.1014917
10.1900454
10.1942718
10.1891513
10.1236822
10.1536721
10.1900556
10.0942213
10.0558329
10.0935346
10.2016005
10.1016178
10.1524023
10.0878963
10.0592609
10.0675961
10.1891897
10.1991297
10.1634654
10.0472766
10.0586711
10.1929093
10.1827256
10.1958639
10.0970421
10.1520503
10.1762893
10.1494866
10.0679119
10.0975693
10.0489595
10.1922273
10.1460335
10.1008426
10.1906475
10.1038373
10.0671426
10.1513695
10.1859893
10.2021444
10.0924999
10.0945828
10.2084571
10.1507156
10.2060434
10.0939069
10.0517164
10.1900211
10.0434891
10.1466774
10.1392145
10.0680648
10.0961136
10.2064716
10.2049975
10.2049567
10.2068886
10.0915303
10.0759188
10.1726349
10.1012732
10.0471104
10.1063738
10.0705181
10.0923233
10.1988931
10.0433761
10.2043439
10.0348894
10.0475756
10.0912941
10.0477491
10.1840770
10.1353518
10.1990747
10.1666151
10.0917495
10.0897224
10.1918914
10.1962175
10.1518484
10.0920293
10.0461706
10.2052759
10.1663549
10.1932350
10.1941281
10.0457637
10.1642465
10.2051787
10.1512515
10.0589729
10.1920643
10.1994553
10.0894135
10.2060466
10.2078732
10.2153504
10.1521424
10.0778799
10.0693466
10.0480795
10.0962472
10.1990693
10.0798919
10.1845973
10.0478406
10.0436561
10.1011825
10.2021292
10.1802496
10.2177730
10.1801940
10.1749351
10.1899076
10.1915995
10.1573704
10.0482896
10.1991416
10.0977373
10.1003117
10.1677697
10.1017706
10.0902984
10.1507776
10.1986268
10.0389767
10.0760606
10.0878939
10.2057447
10.1643494
10.1914411
10.0578942
10.1896841
10.1562796
10.1779940
10.0684447
10.0889236
10.0433951
10.0431731
10.0512707
10.0371638
10.2042737
10.1865147
10.1898686
10.1933977
10.1923488
10.0789427
10.0556808
10.2014412
10.1975301
10.1977010
10.1897624
10.1672498
10.0726211
10.1771201
10.2040447
10.0460603
10.1974790
10.2174580
10.1993656
10.1574491
10.0703195
10.1917702
10.1815290
10.1819967
10.1917625
10.0924538
10.0452200
10.1786112
10.1644094
10.1997703
10.1587514
10.1530492
10.0897144
10.1922382
10.0928919
10.1615209
10.0883327
10.0804885
10.0731854
10.2005732
10.2052048
10.1990921
10.2005736
10.0819462
10.1855588
10.1636365
10.1547259
10.2048957
10.1965625
10.0512265
10.0594939
10.2065446
10.1903656
10.1910611
10.2134836
10.0348880
10.1821730
10.2019166
10.0441069
10.2023089
10.0939537
10.0610532
10.1679401
10.2025453
10.2066944
10.0950867
10.0929598
10.1121912
10.0442309
10.0885465
10.0925252
10.1016743
10.1973020
10.1922433
10.0865839
10.0818633
10.0701732
10.1376725
10.0678251
10.1996144
10.1990547
10.1872498
10.0748290
10.1640263
10.1812015
10.0451850
10.1856229
10.1974339
10.1058488
10.1915714
10.1714863
10.1897527
10.1619948
10.2073003
10.0858489
10.1576144
10.0649995
10.1997116
10.0892550
10.0482266
10.2030045
10.2023701
10.2064536
10.2028837
10.0376557
10.2013794
10.2171081
10.1512795
10.0502887
10.1761068
10.2027401
10.2178479
10.1891887
10.0605920
10.1971314
10.1675487
10.2015390
10.1919625
10.0414221
10.0552495
10.1033594
10.0992330
10.0451390
10.1916614
10.0972798
10.0687305
10.0452867
10.1904057
10.0717706
10.0947098
10.1967756
10.2032429
10.1917964
10.1993957
10.0874808
10.2026815
10.0946227
10.2163461
10.0547049
10.0828967
10.0608838
10.0832804
10.1879615
10.2046936
10.2024721
10.1645322
10.1039153
10.0609363
10.0695879
10.2066446
10.2065036
10.1507486
10.1906725
10.1896337
10.1907864
10.0973044
10.0368542
10.1908332
10.0466248
10.1680037
10.1035241
10.0646766
10.1901025
10.2092154
10.1527862
10.0865022
10.0687707
10.2067344
10.1507076
10.0689114
10.1983532
10.1870378
10.1803246
10.1901486
10.1681493
10.2052647
10.0618031
10.0914162
10.1914684
10.0620596
10.1538894
10.1899316
10.0601183
10.0910339
10.2171450
10.0694691
10.0579211
10.2057587
10.0863693
10.0594266
10.0486332
10.1997667
10.0343400
10.1077651
10.1990178
10.1917694
10.2031515
10.1933876
10.0597674
10.2025072
10.0756456
10.0755549
10.0992825
10.1623208
10.1576644
10.1721609
10.0638445
10.0471777
10.2092799
10.1559767
10.0970661
10.2160023
10.0947228
10.1980766
10.1970120
10.1003079
10.2070085
10.0645106
10.1910436
10.1033544
10.0930893
10.1038733
10.1530873
10.0661664
10.1971130
10.2017625
10.1976269
10.0958586
10.1643352
10.0705271
10.0807248
10.0372707
10.0607882
10.1446051
10.1034543
10.0871050
10.2056657
10.1033363
10.2005798
10.1537076
10.1518074
10.2004578
10.2096609
10.0587953
10.0715043
10.0528568
10.1360295
10.0579922
10.1487643
10.0523233
10.1975189
10.0447055
10.1811658
10.2018265
10.1975939
10.2081226
10.1730501
10.1991737
10.2006451
10.1920314
10.2034367
10.0925040
10.2027123
10.2057787
10.2025112
10.0851184
10.1992517
10.0690874
10.0425683
10.1572295
10.0481846
10.0861760
10.0655665
10.1959983
10.0751214
10.1521513
10.1986318
10.1688923
10.1918538
10.1898157
10.1000239
10.1857061
10.1653543
10.1670630
10.0537866
10.2069950
10.2171820
10.1073769
10.2094279
10.1992956
10.0482226
10.0676189
10.1910880
10.2017603
10.0347069
10.0700607
10.2067325
10.2178989
10.1119803
10.2175097
10.2017353
10.1875872
10.2112481
10.2055469
10.1474950
10.2050868
10.2064989
10.1007638
10.0755299
10.2122688
10.0903152
10.0689534
10.0795366
10.0482656
10.1680787
10.2038807
10.0447888
10.0434651
10.1477912
10.0493485
10.0487445
10.2018653
10.0657304
10.1500075
10.0650741
10.0982352
10.0478093
10.0573222
10.1834021
10.2056007
10.2156814
10.2145594
10.0675423
10.1596849
10.1534500
10.1007088
10.0344292
10.0659401
10.1539760
10.0804475
10.2096154
10.0635728
10.0835864
10.1897239
10.2088380
10.2087485
10.1893307
10.0600392
10.2142346
10.1039373
10.0510687
10.2059557
10.0516911
10.0770250
10.1988057
10.2118960
10.2086940
10.0626536
10.1985471
10.0493783
10.1918275
10.1576316
10.1995246
10.1869498
10.1694196
10.2026521
10.1609890
10.1535001
10.0700502
10.0542945
10.1964532
10.0460076
10.1420978
10.1757413
10.0841769
10.2012016
10.2096859
10.1971684
10.1546196
10.2014123
10.2114946
10.1900126
10.0998010
10.0915191
10.2089170
10.1566436
10.2070055
10.2060906
10.1885335
10.0690667
10.2081752
10.0364657
10.0455719
10.0503301
10.1949184
10.2109842
10.0409151
10.1812858
10.1154018
10.2101080
10.2088201
10.1155469
10.2056657
10.0434712
10.1043751
10.0980233
10.0891271
10.0679458
10.1512595
10.1872158
10.0580781
10.1836054
10.1893592
10.0973601
10.0869838
10.0463818
10.1913186
10.0477566
10.0664885
10.1976549
10.0437450
10.0858826
10.2023325
10.2040676
10.2046359
10.1919614
10.1576491
10.1453213
10.2075077
10.2058927
10.1890328
10.1890263
10.0329284
10.0853162
10.0916757
10.2104143
10.0878287
10.0918155
10.0929081
10.1538184
10.0672482
10.0549517
10.1799907
10.1894817
10.1576716
10.0765263
10.0508812
10.0521613
10.2182059
10.2007145
10.1602670
10.1933843
10.0471347
10.0662359
10.1740745
10.1956886
10.0902304
10.0929470
10.0584511
10.1207489
10.2059086
10.0644553
10.0419923
10.2157934
10.1483121
10.1709394
10.1895737
10.1763773
10.1952683
10.2059337
10.1539115
10.1972880
10.2024382
10.0929318
10.1899405
10.0852872
10.1910595
10.2036560
10.1975123
10.2014764
10.1971792
10.1502717
10.0868827
10.2169482
10.1890708
10.0689144
10.1918304
10.0922338
10.2040907
10.1917204
10.2149845
10.0464955
10.2022969
10.1908090
10.1804559
10.1920164
10.0861784
10.1920774
10.1035592
10.1988420
10.0331743
10.1920795
10.0572855
10.2069368
10.1919828
10.0462189
10.0679718
10.1897104
10.0649033
10.1898916
10.1993277
10.1509176
10.1947240
10.2047985
10.1952550
10.2098033
10.1605834
10.1922854
10.0944169
10.0872712
10.2076053
10.0843836
10.1839571
10.2006855
10.1905167
10.1930078
10.1841543
10.0534007
10.1940499
10.1024255
10.0498954
10.0453870
10.0757878
10.0453370
10.2162722
10.0637583
10.0437535
10.1919414
10.0379195
10.2061516
10.1889488
10.1864774
10.2049466
10.1896961
10.0946178
10.0915889
10.1522433
10.1236298
10.1162969
10.2037809
10.0943073
10.0581931
10.1899503
10.0934224
10.0503949
10.1024394
10.2062055
10.0332420
10.2059247
10.1521493
10.1463250
10.1031544
10.0917432
10.1406602
10.2002549
10.1951847
10.1958572
10.1034435
10.0594694
10.1914129
10.2060275
10.1618098
10.0865640
10.1905316
10.1922759
10.2025455
10.0714783
10.0442086
10.0857795
10.0666763
10.1755229
10.0753337
10.0844624
10.0704724
10.1927221
10.0783498
10.0898675
10.2018993
10.2063514
10.0642047
10.1537420
10.0921539
10.1110015
10.1954876
10.0588579
10.1902089
10.0431361
10.1878325
10.1879805
10.0528682
10.0916103
10.1945356
10.1897878
10.0933818
10.0393234
10.0976673
10.0329764
10.1942135
10.1991337
10.1027922
10.1890478
10.1839944
10.0724518
10.0943605
10.1912035
10.2053229
10.1803606
10.1957242
10.1981419
10.1917464
10.0433241
10.2077708
10.0438027
10.2041311
10.0871715
10.1978439
10.1489779
10.2018414
10.2085381
10.2091804
10.1916905
10.2048398
10.1931496
10.0735550
10.1650931
10.0420970
10.2040867
10.1743198
10.0533860
10.1917805
10.2031682
10.1071228
10.2000028
10.1969800
10.0838394
10.0968425
10.1028304
10.0954566
10.2002315
10.0571474
10.1107962
10.0744068
10.0516539
10.0924594
10.0435751
10.2064437
10.1549398
10.1518724
10.0355775
10.1896717
10.1786629
10.0777213
10.0948998
10.1553372
10.2024893
10.1526814
10.0985319
10.1892987
10.1568104
10.0665943
10.1904123
10.0519574
10.2064535
10.0913474
10.2055997
10.2010971
10.1916645
10.0509200
10.2134977
10.0965914
10.0883027
10.0619198
10.1503907
10.0698772
10.0595519
10.1905482
10.1992299
10.0582991
10.2041297
10.1849319
10.2013506
10.1904865
10.1883486
10.1858058
10.0731492
10.2055487
10.0704531
10.0433837
10.0977997
10.1686089
10.0575432
10.1808999
10.0661241
10.1507816
10.2052799
10.0846199
10.1482081
10.1919284
10.1011097
10.0692509
10.2001856
10.0483835
10.0623687
10.1612129
10.2010763
10.1645434
10.1464414
10.0440219
10.0431608
10.0666993
10.0452630
10.0659524
10.1848559
10.0670899
10.0485939
10.2007248
10.1913653
10.1921048
10.0940918
10.1992839
10.2061526
10.0456739
10.1235698
10.0929278
10.1036963
10.0359695
10.2093764
10.0937145
10.1962098
10.0711574
10.1974779
10.1570905
10.1578743
10.1920814
10.2024474
10.1456735
10.0766535
10.1933266
10.1917025
10.1020813
10.0936503
10.1784219
10.0632078
10.2088590
10.0691726
10.1038217
10.0921364
10.0629516
10.0432592
10.1495301
10.0533968
10.2018872
10.2054114
10.2000949
10.0543735
10.1983048
10.1631344
10.2149694
10.0753257
10.1999028
10.0685447
10.1725072
10.1662440
10.0687667
10.2052859
10.0929708
10.1897736
10.0545735
10.0859259
10.0970374
10.1467813
10.2062026
10.1798857
10.0740555
10.0381626
10.1885864
10.2061438
10.1538016
10.1227503
10.1880634
10.1919064
10.1937745
10.2054324
10.0451445
10.2087130
10.0812717
10.1550136
10.0430023
10.1051901
10.1863050
10.0741636
10.1432200
10.0492351
10.1930248
10.1578364
10.2016622
10.0512842
10.1963835
10.0567943
10.1904485
10.2002486
10.1915215
10.1920014
10.1538879
10.0765902
10.1641613
10.2148834
10.1903977
10.2120688
10.1511965
10.0709022
10.1630314
10.0467878
10.1791928
10.0902167
10.0626589
10.0510455
10.2162123
10.1553658
10.2094229
10.0402003
10.1993778
10.1012517
10.1412404
10.1817874
10.1984158
10.0497297
10.0815023
10.0697973
10.2045218
10.1918374
10.1917135
10.0342994
10.1570164
10.2020636
10.1217330
10.1674978
10.2095049
10.0835383
10.0331853
10.1507276
10.1890846
10.1875068
10.1924568
10.0599578
10.2039424
10.2057399
10.2015596
10.1011133
10.1075621
10.1077067
10.1081835
10.1128502
10.0742252
10.1715971
10.1717924
10.1723819
10.1935296
10.1009568
10.0975114
10.1367632
10.1370731
10.1371074
10.1899405
10.0754505
10.0754009
10.0755798
10.0758698
10.0823843
10.0811049
10.0832102
10.0835931
10.0838971
10.0851369
10.0842610
10.0856238
10.0858858
10.0862487
10.0869786
10.0873465
10.0876105
10.0895177
10.0882004
10.0919681
10.0923890
10.1742321
10.1691168
10.0667664
10.0863518
10.1275809
10.1355858
10.1918743
10.1903616
10.1908178
10.1908583
10.1894135
10.1908289
10.1891358
10.0850826
10.0842105
10.0511042
10.2050968
10.1718803
10.0498510
10.1775865
10.1731769
10.1729979
10.1751414
10.1738176
10.1747504
10.1770918
10.0726933
10.0680078
10.0757507
10.1270682
10.1904717
10.1899898
10.1710332
10.1518992
10.1906930
10.1926722
10.1936201
10.1934712
10.1923323
10.1932404
10.1908951
10.1906745
10.1938765
10.0652134
10.1362803
10.1299463
10.1402097
10.1391075
10.1247420
10.1341338
10.1397185
10.1306182
10.1223413
10.1408207
10.1344068
10.1374289
10.1260042
10.1341935
10.1398075
10.1374753
10.1291825
10.1235020
10.1421432
10.1341283
10.1373059
10.1408207
10.1292792
10.1400666
10.1375024
10.1201215
10.1294726
10.1346901
10.1213438
10.1418261
10.1361161
10.1354750
10.1397727
10.1290955
10.1398423
10.1369455
10.1213216
10.1216087
10.1425261
10.1347146
10.1363619
10.1373902
10.1272508
10.1422476
10.1371311
10.1266848
10.1424410
10.1344662
10.1310242
10.1368256
10.1280562
10.1424062
10.1263585
10.1338004
10.0920470
10.0906002
10.0531387
10.0525786
10.0712124
10.2024669
10.2034068
10.1003891
10.0642524
10.1777046
10.1911365
10.0492360
10.0863893
10.0992021
10.2004508
10.2029412
10.1889821
10.1890172
10.1894209
10.1892109
10.1175308
10.0914688
10.0926858
10.1033876
10.0861333
10.0863635
10.0862591
10.0869444
10.2088245
10.1730248
10.1728819
10.1920167
10.1899544
10.1908618
10.1920923
10.1925958
10.1926165
10.1780058
10.2028433
10.0917826
10.1508893
10.0482114
10.1519121
10.1538614
10.1540546
10.1542027
10.1543341
10.2001593
10.1995409
10.1739167
10.1736718
10.1982742
10.2025621
10.1538356
10.0427293
10.0583621
10.0643577
10.0686842
10.0703006
10.0709388
10.0704616
10.0382348
10.0390086
10.1020653
10.0934428
10.2035339
10.1899297
10.0637768
10.0951989
10.1864285
10.0459911
10.0478959
10.1888350
10.0580061
10.0580731
10.0960715
10.0960804
10.0960834
10.1644427
10.1236503
10.2013968
10.1473124
10.1725078
10.1537326
10.1729442
10.1733113
10.1728137
10.1538713
10.1566123
10.1581745
10.0921421
10.1848930
10.1849188
10.1876319
10.1890898
10.1886016
10.1887250
10.1903129
10.1918095
10.1925713
10.1926249
10.1926088
10.1926732
10.1925874
10.1920026
10.1908439
10.1909083
10.1908654
10.1890844
10.1891246
10.1893124
10.1894277
10.1893017
10.1889986
10.1890817
10.1892695
10.1895592
10.1893178
10.1891729
10.1889610
10.1891085
10.1898676
10.1927966
10.1925498
10.1923165
10.1920348
10.1911497
10.1907688
10.1964122
10.1372143
10.1823618
10.1826792